cluster\class	|	cla2	cla3	cla1	| Sum
clu0		|	0	93	74	| 167
clu1		|	161	26	74	| 261
clu2		|	183	83	74	| 340
Sums		|	344	202	222	| 768

Random index: 0.599478
Adjusted random index: 0.125682

cluster\class	|	cla2	cla3	cla1	| Sum
clu0		|	0	93	74	| 167
clu1		|	161	26	74	| 261
clu2		|	183	83	74	| 340
Sums		|	344	202	222	| 768

Random index: 0.599478
Adjusted random index: 0.125682

cluster\class	|	cla2	cla3	cla1	| Sum
clu0		|	0	93	74	| 167
clu1		|	161	26	74	| 261
clu2		|	183	83	74	| 340
Sums		|	344	202	222	| 768

Random index: 0.599478
Adjusted random index: 0.125682

cluster\class	|	cla2	cla3	cla1	| Sum
clu0		|	0	93	74	| 167
clu1		|	161	26	74	| 261
clu2		|	183	83	74	| 340
Sums		|	344	202	222	| 768

Random index: 0.599478
Adjusted random index: 0.125682

cluster\class	|	cla2	cla3	cla1	| Sum
clu0		|	0	93	74	| 167
clu1		|	161	26	74	| 261
clu2		|	183	83	74	| 340
Sums		|	344	202	222	| 768

Random index: 0.599478
Adjusted random index: 0.125682

cluster\class	|	cla2	cla3	cla1	| Sum
clu0		|	0	93	74	| 167
clu1		|	161	26	74	| 261
clu2		|	183	83	74	| 340
Sums		|	344	202	222	| 768

Random index: 0.599478
Adjusted random index: 0.125682

cluster\class	|	cla2	cla3	cla1	| Sum
clu0		|	0	93	74	| 167
clu1		|	161	26	74	| 261
clu2		|	183	83	74	| 340
Sums		|	344	202	222	| 768

Random index: 0.599478
Adjusted random index: 0.125682

cluster\class	|	cla2	cla3	cla1	| Sum
clu0		|	0	93	74	| 167
clu1		|	161	26	74	| 261
clu2		|	183	83	74	| 340
Sums		|	344	202	222	| 768

Random index: 0.599478
Adjusted random index: 0.125682

cluster\class	|	cla2	cla3	cla1	| Sum
clu0		|	0	93	74	| 167
clu1		|	161	26	74	| 261
clu2		|	183	83	74	| 340
Sums		|	344	202	222	| 768

Random index: 0.599478
Adjusted random index: 0.125682

cluster\class	|	cla2	cla3	cla1	| Sum
clu0		|	0	93	74	| 167
clu1		|	161	26	74	| 261
clu2		|	183	83	74	| 340
Sums		|	344	202	222	| 768

Random index: 0.599478
Adjusted random index: 0.125682

cluster\class	|	cla2	cla3	cla1	| Sum
clu0		|	0	93	74	| 167
clu1		|	161	26	74	| 261
clu2		|	183	83	74	| 340
Sums		|	344	202	222	| 768

Random index: 0.599478
Adjusted random index: 0.125682

cluster\class	|	cla2	cla3	cla1	| Sum
clu0		|	0	93	74	| 167
clu1		|	161	26	74	| 261
clu2		|	183	83	74	| 340
Sums		|	344	202	222	| 768

Random index: 0.599478
Adjusted random index: 0.125682

cluster\class	|	cla2	cla3	cla1	| Sum
clu0		|	0	93	74	| 167
clu1		|	161	26	74	| 261
clu2		|	183	83	74	| 340
Sums		|	344	202	222	| 768

Random index: 0.599478
Adjusted random index: 0.125682

cluster\class	|	cla2	cla3	cla1	| Sum
clu0		|	0	93	74	| 167
clu1		|	161	26	74	| 261
clu2		|	183	83	74	| 340
Sums		|	344	202	222	| 768

Random index: 0.599478
Adjusted random index: 0.125682

cluster\class	|	cla2	cla3	cla1	| Sum
clu0		|	0	93	74	| 167
clu1		|	161	26	74	| 261
clu2		|	183	83	74	| 340
Sums		|	344	202	222	| 768

Random index: 0.599478
Adjusted random index: 0.125682

cluster\class	|	cla2	cla3	cla1	| Sum
clu0		|	0	93	74	| 167
clu1		|	161	26	74	| 261
clu2		|	183	83	74	| 340
Sums		|	344	202	222	| 768

Random index: 0.599478
Adjusted random index: 0.125682

cluster\class	|	cla2	cla3	cla1	| Sum
clu0		|	0	93	74	| 167
clu1		|	161	26	74	| 261
clu2		|	183	83	74	| 340
Sums		|	344	202	222	| 768

Random index: 0.599478
Adjusted random index: 0.125682

cluster\class	|	cla2	cla3	cla1	| Sum
clu0		|	0	93	74	| 167
clu1		|	161	26	74	| 261
clu2		|	183	83	74	| 340
Sums		|	344	202	222	| 768

Random index: 0.599478
Adjusted random index: 0.125682

cluster\class	|	cla2	cla3	cla1	| Sum
clu0		|	0	93	74	| 167
clu1		|	161	26	74	| 261
clu2		|	183	83	74	| 340
Sums		|	344	202	222	| 768

Random index: 0.599478
Adjusted random index: 0.125682

cluster\class	|	cla2	cla3	cla1	| Sum
clu0		|	0	93	74	| 167
clu1		|	161	26	74	| 261
clu2		|	183	83	74	| 340
Sums		|	344	202	222	| 768

Random index: 0.599478
Adjusted random index: 0.125682

cluster\class	|	cla2	cla3	cla1	| Sum
clu0		|	0	93	74	| 167
clu1		|	161	26	74	| 261
clu2		|	183	83	74	| 340
Sums		|	344	202	222	| 768

Random index: 0.599478
Adjusted random index: 0.125682

cluster\class	|	cla2	cla3	cla1	| Sum
clu0		|	0	93	73	| 166
clu1		|	165	26	74	| 265
clu2		|	183	87	74	| 344
Sums		|	348	206	221	| 775

Random index: 0.5987
Adjusted random index: 0.124711

cluster\class	|	cla2	cla3	cla1	| Sum
clu0		|	0	93	73	| 166
clu1		|	165	26	74	| 265
clu2		|	183	87	74	| 344
Sums		|	348	206	221	| 775

Random index: 0.5987
Adjusted random index: 0.124711

cluster\class	|	cla2	cla3	cla1	| Sum
clu0		|	0	6	3	| 9
clu1		|	61	0	56	| 117
clu2		|	84	58	52	| 194
clu3		|	2	44	46	| 92
clu4		|	5	0	33	| 38
clu5		|	78	52	0	| 130
clu6		|	37	0	34	| 71
clu7		|	63	55	0	| 118
Sums		|	330	215	224	| 769

Random index: 0.635156
Adjusted random index: 0.0798205

cluster\class	|	cla2	cla3	cla1	| Sum
clu0		|	0	6	3	| 9
clu1		|	61	0	56	| 117
clu2		|	84	58	52	| 194
clu3		|	2	44	46	| 92
clu4		|	5	0	33	| 38
clu5		|	78	52	0	| 130
clu6		|	37	0	34	| 71
clu7		|	63	55	0	| 118
Sums		|	330	215	224	| 769

Random index: 0.635156
Adjusted random index: 0.0798205

cluster\class	|	cla2	cla3	cla1	| Sum
clu0		|	0	56	0	| 56
clu1		|	36	0	56	| 92
clu2		|	84	48	47	| 179
clu3		|	3	0	30	| 33
clu4		|	75	6	1	| 82
clu5		|	58	0	34	| 92
clu6		|	63	51	0	| 114
Sums		|	319	161	168	| 648

Random index: 0.629763
Adjusted random index: 0.107914

cluster\class	|	cla2	cla3	cla1	| Sum
clu0		|	0	0	35	| 35
clu1		|	66	33	13	| 112
clu2		|	21	1	11	| 33
clu3		|	66	0	56	| 122
clu4		|	82	26	0	| 108
Sums		|	235	60	115	| 410

Random index: 0.589314
Adjusted random index: 0.112613

cluster\class	|	cla2	cla3	cla1	| Sum
clu0		|	0	0	35	| 35
clu1		|	66	33	13	| 112
clu2		|	21	1	11	| 33
clu3		|	66	0	56	| 122
clu4		|	82	26	0	| 108
Sums		|	235	60	115	| 410

Random index: 0.589314
Adjusted random index: 0.112613

cluster\class	|	cla2	cla3	cla1	| Sum
clu0		|	0	93	73	| 166
clu1		|	165	26	74	| 265
clu2		|	183	87	74	| 344
Sums		|	348	206	221	| 775

Random index: 0.5987
Adjusted random index: 0.124711

cluster\class	|	cla2	cla3	cla1	| Sum
clu0		|	0	55	31	| 86
clu1		|	73	17	52	| 142
clu2		|	134	0	43	| 177
clu3		|	20	0	74	| 94
clu4		|	145	60	4	| 209
clu5		|	81	88	0	| 169
clu6		|	53	69	0	| 122
clu7		|	43	0	6	| 49
clu8		|	28	0	0	| 28
Sums		|	577	289	210	| 1076

Random index: 0.615944
Adjusted random index: 0.0965926

cluster\class	|	cla2	cla3	cla1	| Sum
clu0		|	0	0	74	| 74
Sums		|	0	0	74	| 74

Random index: 1
Adjusted random index: -nan

cluster\class	|	cla2	cla3	cla1	| Sum
clu0		|	0	92	68	| 160
clu1		|	24	4	68	| 96
clu2		|	154	0	70	| 224
Sums		|	178	96	206	| 480

Random index: 0.676026
Adjusted random index: 0.3003

cluster\class	|	cla2	cla3	cla1	| Sum
clu0		|	0	92	69	| 161
clu1		|	24	4	68	| 96
clu2		|	156	0	70	| 226
Sums		|	180	96	207	| 483

Random index: 0.676452
Adjusted random index: 0.301649

cluster\class	|	cla2	cla3	cla1	| Sum
clu0		|	0	93	0	| 93
clu1		|	9	0	12	| 21
clu2		|	145	5	72	| 222
Sums		|	154	98	84	| 336

Random index: 0.7465
Adjusted random index: 0.497528

cluster\class	|	cla2	cla3	cla1	| Sum
clu0		|	0	93	37	| 130
clu1		|	123	46	65	| 234
clu2		|	166	52	74	| 292
Sums		|	289	191	176	| 656

Random index: 0.596327
Adjusted random index: 0.120656

cluster\class	|	cla2	cla3	cla1	| Sum
clu0		|	0	93	37	| 130
clu1		|	123	46	65	| 234
clu2		|	166	52	74	| 292
Sums		|	289	191	176	| 656

Random index: 0.596327
Adjusted random index: 0.120656

cluster\class	|	cla2	cla3	cla1	| Sum
clu0		|	0	93	37	| 130
clu1		|	123	47	67	| 237
clu2		|	165	55	74	| 294
Sums		|	288	195	178	| 661

Random index: 0.594242
Adjusted random index: 0.115602

cluster\class	|	cla2	cla3	cla1	| Sum
clu0		|	0	93	44	| 137
clu1		|	137	46	66	| 249
clu2		|	166	56	74	| 296
clu3		|	139	88	50	| 277
Sums		|	442	283	234	| 959

Random index: 0.594865
Adjusted random index: 0.0657611

cluster\class	|	cla2	cla3	cla1	| Sum
clu0		|	0	93	73	| 166
clu1		|	165	26	74	| 265
clu2		|	183	87	74	| 344
Sums		|	348	206	221	| 775

Random index: 0.5987
Adjusted random index: 0.124711

cluster\class	|	cla2	cla3	cla1	| Sum
clu0		|	0	93	73	| 166
clu1		|	165	26	74	| 265
clu2		|	183	87	74	| 344
Sums		|	348	206	221	| 775

Random index: 0.5987
Adjusted random index: 0.124711

cluster\class	|	cla2	cla3	cla1	| Sum
clu0		|	0	93	37	| 130
clu1		|	123	46	65	| 234
clu2		|	166	52	74	| 292
Sums		|	289	191	176	| 656

Random index: 0.596327
Adjusted random index: 0.120656

cluster\class	|	cla2	cla3	cla1	| Sum
clu0		|	0	93	37	| 130
clu1		|	123	46	65	| 234
clu2		|	166	52	74	| 292
Sums		|	289	191	176	| 656

Random index: 0.596327
Adjusted random index: 0.120656

cluster\class	|	cla2	cla3	cla1	| Sum
clu0		|	0	92	0	| 92
clu1		|	50	0	0	| 50
clu2		|	149	1	74	| 224
Sums		|	199	93	74	| 366

Random index: 0.718677
Adjusted random index: 0.426963

cluster\class	|	cla2	cla3	cla1	| Sum
clu0		|	0	92	0	| 92
clu1		|	50	0	0	| 50
clu2		|	149	1	74	| 224
Sums		|	199	93	74	| 366

Random index: 0.718677
Adjusted random index: 0.426963

cluster\class	|	cla2	cla3	cla1	| Sum
clu0		|	0	92	0	| 92
clu1		|	50	0	0	| 50
clu2		|	149	1	74	| 224
Sums		|	199	93	74	| 366

Random index: 0.718677
Adjusted random index: 0.426963

cluster\class	|	cla2	cla3	cla1	| Sum
clu0		|	0	93	0	| 93
clu1		|	51	0	4	| 55
clu2		|	149	0	70	| 219
Sums		|	200	93	74	| 367

Random index: 0.724349
Adjusted random index: 0.435457

cluster\class	|	cla2	cla3	cla1	| Sum
clu0		|	0	93	0	| 93
clu1		|	51	0	4	| 55
clu2		|	149	0	70	| 219
Sums		|	200	93	74	| 367

Random index: 0.724349
Adjusted random index: 0.435457

cluster\class	|	cla2	cla3	cla1	| Sum
clu0		|	0	92	0	| 92
clu1		|	50	0	0	| 50
clu2		|	149	1	74	| 224
Sums		|	199	93	74	| 366

Random index: 0.718677
Adjusted random index: 0.426963

cluster\class	|	cla2	cla3	cla1	| Sum
clu0		|	0	92	0	| 92
clu1		|	50	0	0	| 50
clu2		|	151	1	74	| 226
Sums		|	201	93	74	| 368

Random index: 0.718028
Adjusted random index: 0.426204

