0 1.73695 1.66272 1.7764 1.42337 1.55994 1.94916 1.37043 1.44215 2.5295 2.12875 2.00705 1.44242 2.21559 1.66777 1.932 2.11308 
1.73695 0 1.84877 1.9551 1.5247 1.81183 2.09664 1.68583 1.68452 2.64266 2.42194 2.20293 1.76903 2.16856 1.93051 2.15792 1.88833 
1.66272 1.84877 0 1.83342 1.7299 1.80044 2.14189 1.52809 1.50094 2.4346 2.33642 2.22481 1.80608 1.86641 1.76836 1.83103 2.23974 
1.7764 1.9551 1.83342 0 1.78022 1.97402 2.02351 1.64884 1.66745 2.33046 2.3794 2.20413 1.76397 2.12288 1.8246 1.96144 2.2745 
1.42337 1.5247 1.7299 1.78022 0 1.54575 2.05965 1.38769 1.48461 2.67007 2.16433 2.19972 1.60424 2.23796 1.81951 2.10151 1.88161 
1.55994 1.81183 1.80044 1.97402 1.54575 0 2.12356 1.61586 1.61816 2.64017 2.28418 2.33427 1.80135 2.37756 1.89611 2.19336 2.21777 
1.94916 2.09664 2.14189 2.02351 2.05965 2.12356 0 1.96944 1.99913 2.16483 2.62358 1.98955 1.85815 2.4192 1.82549 2.02817 2.37155 
1.37043 1.68583 1.52809 1.64884 1.38769 1.61586 1.96944 0 1.23368 2.44981 1.95522 2.09276 1.48551 2.01432 1.67419 1.97247 2.07122 
1.44215 1.68452 1.50094 1.66745 1.48461 1.61816 1.99913 1.23368 0 2.35847 2.0654 2.09834 1.54751 1.90143 1.59097 1.90476 2.12977 
2.5295 2.64266 2.4346 2.33046 2.67007 2.64017 2.16483 2.44981 2.35847 0 3.03843 2.42871 2.45781 2.45294 2.00149 2.20009 2.96998 
2.12875 2.42194 2.33642 2.3794 2.16433 2.28418 2.62358 1.95522 2.0654 3.03843 0 2.71878 2.2111 2.59234 2.37472 2.62194 2.67458 
2.00705 2.20293 2.22481 2.20413 2.19972 2.33427 1.98955 2.09276 2.09834 2.42871 2.71878 0 1.76753 2.46629 1.94768 2.12333 2.52114 
1.44242 1.76903 1.80608 1.76397 1.60424 1.80135 1.85815 1.48551 1.54751 2.45781 2.2111 1.76753 0 2.14119 1.70805 1.93517 2.0827 
2.21559 2.16856 1.86641 2.12288 2.23796 2.37756 2.4192 2.01432 1.90143 2.45294 2.59234 2.46629 2.14119 0 2.09675 2.14792 2.59533 
1.66777 1.93051 1.76836 1.8246 1.81951 1.89611 1.82549 1.67419 1.59097 2.00149 2.37472 1.94768 1.70805 2.09675 0 1.66501 2.34247 
1.932 2.15792 1.83103 1.96144 2.10151 2.19336 2.02817 1.97247 1.90476 2.20009 2.62194 2.12333 1.93517 2.14792 1.66501 0 2.52143 
2.11308 1.88833 2.23974 2.2745 1.88161 2.21777 2.37155 2.07122 2.12977 2.96998 2.67458 2.52114 2.0827 2.59533 2.34247 2.52143 0 
