0 1.26497 1.69455 1.68072 1.73565 1.24101 1.37727 1.93676 1.17779 1.36608 2.45374 2.0454 2.29322 1.56496 2.24063 1.79853 1.92259 2.06666 
1.26497 0 1.74376 1.65816 1.82459 1.44922 1.56442 1.85521 1.39375 1.48039 2.29515 2.20052 2.09608 1.43892 2.16949 1.67171 1.74397 2.13094 
1.69455 1.74376 0 1.84976 1.99745 1.52319 1.81945 2.00587 1.68618 1.69116 2.43792 2.52047 2.27752 1.76779 2.11995 1.94024 2.01557 1.896 
1.68072 1.65816 1.84976 0 1.87348 1.73151 1.78628 2.04193 1.53527 1.5117 2.19813 2.4034 2.31505 1.79953 1.86065 1.81036 1.74308 2.24644 
1.73565 1.82459 1.99745 1.87348 0 1.83594 2.02054 1.96872 1.70485 1.73176 2.14864 2.48715 2.30111 1.79932 2.07671 1.88304 1.86906 2.31998 
1.24101 1.44922 1.52319 1.73151 1.83594 0 1.57213 1.95951 1.41459 1.52724 2.46256 2.27794 2.2895 1.61652 2.19069 1.83956 1.94644 1.88633 
1.37727 1.56442 1.81945 1.78628 2.02054 1.57213 0 2.04417 1.63415 1.66203 2.43562 2.3627 2.42266 1.80344 2.32613 1.90379 2.01955 2.23211 
1.93676 1.85521 2.00587 2.04193 1.96872 1.95951 2.04417 0 1.87361 1.92874 2.00369 2.61682 2.02023 1.78578 2.27509 1.76765 1.83955 2.32458 
1.17779 1.39375 1.68618 1.53527 1.70485 1.41459 1.63415 1.87361 0 1.28617 2.2439 2.0562 2.18981 1.49007 1.9647 1.6918 1.80061 2.08556 
1.36608 1.48039 1.69116 1.5117 1.73176 1.52724 1.66203 1.92874 1.28617 0 2.14373 2.15778 2.20186 1.56615 1.84123 1.64202 1.75898 2.15871 
2.45374 2.29515 2.43792 2.19813 2.14864 2.46256 2.43562 2.00369 2.2439 2.14373 0 2.91408 2.31325 2.23796 2.1811 1.81097 1.91307 2.7939 
2.0454 2.20052 2.52047 2.4034 2.48715 2.27794 2.3627 2.61682 2.0562 2.15778 2.91408 0 2.86991 2.28969 2.62631 2.44324 2.53494 2.78781 
2.29322 2.09608 2.27752 2.31505 2.30111 2.2895 2.42266 2.02023 2.18981 2.20186 2.31325 2.86991 0 1.83718 2.48799 2.03462 2.0913 2.59127 
1.56496 1.43892 1.76779 1.79953 1.79932 1.61652 1.80344 1.78578 1.49007 1.56615 2.23796 2.28969 1.83718 0 2.10136 1.70957 1.78545 2.09427 
2.24063 2.16949 2.11995 1.86065 2.07671 2.19069 2.32613 2.27509 1.9647 1.84123 2.1811 2.62631 2.48799 2.10136 0 2.0723 2.0337 2.56007 
1.79853 1.67171 1.94024 1.81036 1.88304 1.83956 1.90379 1.76765 1.6918 1.64202 1.81097 2.44324 2.03462 1.70957 2.0723 0 1.56765 2.35882 
1.92259 1.74397 2.01557 1.74308 1.86906 1.94644 2.01955 1.83955 1.80061 1.75898 1.91307 2.53494 2.0913 1.78545 2.0337 1.56765 0 2.42111 
2.06666 2.13094 1.896 2.24644 2.31998 1.88633 2.23211 2.32458 2.08556 2.15871 2.7939 2.78781 2.59127 2.09427 2.56007 2.35882 2.42111 0 
