0 5.71499 4.94356 6.04156 5.87595 4.99708 4.87914 4.97094 5.14372 5.28482 5.68944 5.58532 6.03654 5.23649 5.68721 5.66212 5.12116 
5.71499 0 3.86135 5.16646 5.17962 3.93585 3.86065 3.74772 4.12241 4.38479 4.65899 4.45424 5.333 4.25687 4.89369 4.8113 3.86554 
4.94356 3.86135 0 4.50562 4.08392 2.51187 2.27624 2.27823 2.64999 3.0815 3.47269 3.41892 4.41829 2.97173 3.75353 3.76866 2.50066 
6.04156 5.16646 4.50562 0 5.60353 4.68894 4.51671 4.48723 4.72653 4.91273 5.17218 5.06851 5.68119 4.86801 5.37895 5.40924 4.6811 
5.87595 5.17962 4.08392 5.60353 0 4.23044 4.10248 4.15842 4.2487 4.62294 4.71817 4.84934 5.55491 4.38925 4.93132 5.17193 4.18699 
4.99708 3.93585 2.51187 4.68894 4.23044 0 2.27357 2.3877 2.70855 3.12312 3.53193 3.55155 4.52651 3.06245 3.80677 3.72708 2.58259 
4.87914 3.86065 2.27624 4.51671 4.10248 2.27357 0 2.22382 2.52164 3.0005 3.31562 3.46231 4.37582 2.86129 3.65615 3.56105 2.35316 
4.97094 3.74772 2.27823 4.48723 4.15842 2.3877 2.22382 0 2.56395 3.036 3.44679 3.33996 4.42019 2.94924 3.72505 3.6586 2.31413 
5.14372 4.12241 2.64999 4.72653 4.2487 2.70855 2.52164 2.56395 0 3.30377 3.58049 3.72354 4.64372 3.07876 3.96604 4.00984 2.60997 
5.28482 4.38479 3.0815 4.91273 4.62294 3.12312 3.0005 3.036 3.30377 0 4.0164 3.99112 4.97746 3.58603 4.31231 4.22488 3.18175 
5.68944 4.65899 3.47269 5.17218 4.71817 3.53193 3.31562 3.44679 3.58049 4.0164 0 4.23754 5.19017 3.75885 4.47619 4.584 3.50659 
5.58532 4.45424 3.41892 5.06851 4.84934 3.55155 3.46231 3.33996 3.72354 3.99112 4.23754 0 5.0917 3.89775 4.58373 4.51134 3.59351 
6.03654 5.333 4.41829 5.68119 5.55491 4.52651 4.37582 4.42019 4.64372 4.97746 5.19017 5.0917 0 4.78813 5.03759 5.35021 4.49194 
5.23649 4.25687 2.97173 4.86801 4.38925 3.06245 2.86129 2.94924 3.07876 3.58603 3.75885 3.89775 4.78813 0 4.15533 4.217 2.99509 
5.68721 4.89369 3.75353 5.37895 4.93132 3.80677 3.65615 3.72505 3.96604 4.31231 4.47619 4.58373 5.03759 4.15533 0 4.6964 3.84173 
5.66212 4.8113 3.76866 5.40924 5.17193 3.72708 3.56105 3.6586 4.00984 4.22488 4.584 4.51134 5.35021 4.217 4.6964 0 3.87507 
5.12116 3.86554 2.50066 4.6811 4.18699 2.58259 2.35316 2.31413 2.60997 3.18175 3.50659 3.59351 4.49194 2.99509 3.84173 3.87507 0 
